1(0)<--982-->80(982)
1(0)<--8164-->163(2124)
1(0)<--2620-->170(1365)
1(0)<--648-->145(648)
1(0)<--8021-->200(2060)
1(0)<--2069-->173(2069)
1(0)<--647-->92(647)
1(0)<--4122-->26(2150)
1(0)<--546-->140(546)
1(0)<--1913-->11(1551)
1(0)<--6461-->160(2403)
1(0)<--7905-->27(1222)
1(0)<--9047-->40(4091)
1(0)<--2183-->150(2183)
1(0)<--9146-->61(1676)
1(0)<--7420-->159(1627)
1(0)<--1724-->198(1724)
1(0)<--508-->114(508)
1(0)<--6647-->104(2551)
1(0)<--4612-->30(2303)
1(0)<--2367-->99(2367)
1(0)<--7896-->138(2494)
1(0)<--8700-->169(2776)
1(0)<--2437-->49(2437)
1(0)<--2909-->125(2618)
1(0)<--2597-->117(2597)
1(0)<--6399-->55(2862)
2(2971)<--1689-->42(2040)
2(2971)<--9365-->127(3285)
2(2971)<--8026-->5(2525)
2(2971)<--9342-->170(1365)
2(2971)<--7005-->131(1445)
2(2971)<--1438-->172(1990)
2(2971)<--315-->34(2656)
2(2971)<--2455-->30(2303)
2(2971)<--2328-->26(2150)
2(2971)<--8847-->6(2818)
2(2971)<--1873-->11(1551)
2(2971)<--5409-->17(3111)
2(2971)<--8643-->157(2143)
2(2971)<--1397-->159(1627)
2(2971)<--7731-->142(2616)
2(2971)<--7908-->182(3807)
2(2971)<--8177-->93(3542)
3(2644)<--1239-->57(2857)
3(2644)<--3381-->101(3536)
3(2644)<--7313-->43(3312)
3(2644)<--7212-->41(2732)
3(2644)<--2483-->91(2786)
3(2644)<--3031-->31(3455)
3(2644)<--3877-->167(2630)
3(2644)<--6521-->106(2303)
3(2644)<--7729-->76(3220)
3(2644)<--9640-->122(1306)
3(2644)<--285-->144(2359)
3(2644)<--2165-->44(2142)
3(2644)<--9006-->6(2818)
3(2644)<--7097-->177(3829)
3(2644)<--7711-->119(1090)
4(3056)<--3924-->162(2556)
4(3056)<--5285-->70(743)
4(3056)<--2490-->195(1707)
4(3056)<--6508-->72(1539)
4(3056)<--2625-->126(1694)
4(3056)<--7639-->121(2818)
4(3056)<--399-->31(3455)
4(3056)<--3626-->118(2176)
4(3056)<--9446-->90(2018)
4(3056)<--6808-->127(3285)
4(3056)<--7582-->135(1533)
4(3056)<--6133-->159(1627)
4(3056)<--4769-->106(2303)
4(3056)<--9267-->52(2817)
4(3056)<--7536-->190(2596)
4(3056)<--8058-->78(2795)
4(3056)<--7044-->75(2720)
4(3056)<--6771-->116(3513)
4(3056)<--619-->49(2437)
4(3056)<--4383-->107(2540)
4(3056)<--6363-->89(3261)
4(3056)<--313-->54(3369)
5(2525)<--4009-->200(2060)
5(2525)<--1522-->112(1759)
5(2525)<--3496-->25(2249)
5(2525)<--9432-->23(2650)
5(2525)<--7836-->64(2047)
5(2525)<--8262-->56(2609)
5(2525)<--1862-->120(2328)
5(2525)<--8919-->90(2018)
5(2525)<--1195-->142(2616)
5(2525)<--2469-->81(2976)
5(2525)<--8806-->182(3807)
5(2525)<--2514-->17(3111)
5(2525)<--8407-->83(3997)
5(2525)<--5308-->146(2682)
5(2525)<--1087-->147(3464)
5(2525)<--22-->51(2503)
6(2818)<--8200-->141(1889)
6(2818)<--5594-->98(3515)
6(2818)<--6627-->66(3393)
6(2818)<--9500-->159(1627)
6(2818)<--3110-->143(2141)
6(2818)<--8525-->129(676)
6(2818)<--8547-->118(2176)
6(2818)<--2039-->88(3046)
6(2818)<--4949-->83(3997)
6(2818)<--6473-->165(2442)
6(2818)<--6897-->162(2556)
6(2818)<--8021-->184(2703)
6(2818)<--13-->123(2805)
6(2818)<--3512-->176(2279)
6(2818)<--2233-->195(1707)
6(2818)<--7265-->42(2040)
6(2818)<--274-->47(2979)
6(2818)<--1514-->132(2468)
6(2818)<--3722-->171(3929)
7(2599)<--7027-->156(3013)
7(2599)<--9522-->187(1151)
7(2599)<--4976-->87(1608)
7(2599)<--8739-->121(2818)
7(2599)<--6616-->56(2609)
7(2599)<--2904-->10(3205)
7(2599)<--8206-->71(1265)
7(2599)<--179-->53(2420)
7(2599)<--4823-->146(2682)
7(2599)<--6019-->165(2442)
7(2599)<--5670-->125(2618)
7(2599)<--4888-->27(1222)
7(2599)<--9920-->63(2498)
7(2599)<--9031-->150(2183)
7(2599)<--4061-->84(2656)
8(1875)<--1257-->152(1832)
8(1875)<--2780-->189(2340)
8(1875)<--4708-->58(3668)
8(1875)<--8342-->26(2150)
8(1875)<--1918-->199(815)
8(1875)<--3987-->31(3455)
8(1875)<--3160-->35(998)
8(1875)<--5829-->71(1265)
8(1875)<--3483-->27(1222)
8(1875)<--8815-->69(3650)
8(1875)<--55-->130(1820)
8(1875)<--2076-->168(2038)
8(1875)<--5338-->122(1306)
8(1875)<--4528-->73(3007)
8(1875)<--9996-->28(2090)
8(1875)<--3535-->17(3111)
8(1875)<--3193-->40(4091)
8(1875)<--7308-->72(1539)
8(1875)<--8434-->24(3653)
8(1875)<--2833-->87(1608)
8(1875)<--3949-->25(2249)
8(1875)<--1022-->175(1432)
8(1875)<--8508-->177(3829)
9(745)<--1087-->152(1832)
9(745)<--7827-->115(2399)
9(745)<--7002-->17(3111)
9(745)<--794-->72(1539)
9(745)<--4539-->150(2183)
9(745)<--3613-->190(2596)
9(745)<--9480-->95(2186)
9(745)<--5284-->36(2236)
9(745)<--8702-->166(3814)
9(745)<--1753-->63(2498)
9(745)<--70-->199(815)
9(745)<--700-->131(1445)
9(745)<--9340-->76(3220)
9(745)<--2-->70(743)
9(745)<--8701-->139(4101)
9(745)<--4163-->140(546)
9(745)<--5995-->180(3027)
10(3205)<--9988-->57(2857)
10(3205)<--3771-->78(2795)
10(3205)<--4816-->62(2573)
10(3205)<--5273-->137(3599)
10(3205)<--4786-->187(1151)
10(3205)<--3207-->184(2703)
10(3205)<--807-->96(2398)
10(3205)<--1184-->31(3455)
10(3205)<--2539-->88(3046)
10(3205)<--4650-->135(1533)
10(3205)<--9495-->168(2038)
10(3205)<--3866-->164(1693)
10(3205)<--8988-->11(1551)
10(3205)<--1493-->116(3513)
10(3205)<--5578-->51(2503)
10(3205)<--2029-->171(3929)
11(1551)<--2045-->185(2884)
11(1551)<--815-->77(2298)
11(1551)<--8425-->22(4028)
11(1551)<--8448-->181(2345)
11(1551)<--8727-->47(2979)
11(1551)<--7299-->81(2976)
11(1551)<--4802-->150(2183)
11(1551)<--1696-->178(2435)
11(1551)<--2275-->28(2090)
11(1551)<--594-->183(2145)
11(1551)<--833-->131(1445)
11(1551)<--8497-->157(2143)
11(1551)<--5057-->25(2249)
11(1551)<--3203-->59(2947)
11(1551)<--294-->134(1257)
11(1551)<--4211-->83(3997)
11(1551)<--6180-->124(2057)
12(2906)<--5753-->78(2795)
12(2906)<--4602-->17(3111)
12(2906)<--5676-->62(2573)
12(2906)<--8068-->16(1837)
12(2906)<--5933-->60(2592)
12(2906)<--371-->67(2535)
12(2906)<--6734-->71(1265)
12(2906)<--7001-->53(2420)
12(2906)<--3626-->72(1539)
12(2906)<--6690-->34(2656)
12(2906)<--761-->59(2947)
12(2906)<--1520-->18(2284)
12(2906)<--7542-->128(1203)
12(2906)<--6699-->38(3548)
12(2906)<--9416-->57(2857)
13(2394)<--9987-->144(2359)
13(2394)<--9801-->59(2947)
13(2394)<--7026-->97(4248)
13(2394)<--758-->50(3152)
13(2394)<--5400-->43(3312)
13(2394)<--3870-->163(2124)
13(2394)<--4194-->178(2435)
13(2394)<--9629-->151(4159)
13(2394)<--1794-->45(3438)
13(2394)<--6821-->105(3368)
13(2394)<--2784-->29(3540)
13(2394)<--2070-->172(1990)
13(2394)<--6850-->57(2857)
13(2394)<--8638-->77(2298)
13(2394)<--861-->135(1533)
14(1803)<--4352-->149(3109)
14(1803)<--4874-->187(1151)
14(1803)<--3841-->26(2150)
14(1803)<--9662-->128(1203)
14(1803)<--4446-->155(2001)
14(1803)<--373-->118(2176)
14(1803)<--2733-->123(2805)
14(1803)<--7912-->106(2303)
14(1803)<--4333-->169(2776)
14(1803)<--9197-->53(2420)
14(1803)<--4275-->161(4772)
14(1803)<--9602-->126(1694)
14(1803)<--4106-->73(3007)
14(1803)<--7860-->160(2403)
14(1803)<--358-->131(1445)
14(1803)<--4477-->141(1889)
14(1803)<--960-->119(1090)
14(1803)<--3199-->43(3312)
14(1803)<--7898-->47(2979)
14(1803)<--6718-->175(1432)
14(1803)<--6741-->177(3829)
14(1803)<--2464-->60(2592)
14(1803)<--5682-->127(3285)
14(1803)<--1945-->31(3455)
14(1803)<--5848-->143(2141)
14(1803)<--3551-->94(3415)
14(1803)<--3283-->82(2052)
15(2942)<--1789-->42(2040)
15(2942)<--3571-->22(4028)
15(2942)<--7019-->25(2249)
15(2942)<--818-->163(2124)
15(2942)<--2334-->56(2609)
15(2942)<--809-->100(2970)
15(2942)<--1041-->143(2141)
15(2942)<--4589-->107(2540)
15(2942)<--6854-->190(2596)
15(2942)<--7485-->169(2776)
15(2942)<--9606-->94(3415)
15(2942)<--7961-->34(2656)
15(2942)<--8983-->54(3369)
15(2942)<--2136-->157(2143)
15(2942)<--8040-->24(3653)
16(1837)<--2848-->200(2060)
16(1837)<--2223-->198(1724)
16(1837)<--2896-->92(647)
16(1837)<--8663-->18(2284)
16(1837)<--8673-->27(1222)
16(1837)<--4116-->75(2720)
16(1837)<--1680-->150(2183)
16(1837)<--1555-->36(2236)
16(1837)<--2747-->41(2732)
16(1837)<--4558-->90(2018)
16(1837)<--5894-->68(4636)
16(1837)<--2596-->42(2040)
16(1837)<--6280-->185(2884)
16(1837)<--3482-->171(3929)
16(1837)<--1469-->109(3140)
16(1837)<--9807-->127(3285)
16(1837)<--1714-->178(2435)
16(1837)<--839-->35(998)
16(1837)<--9828-->56(2609)
16(1837)<--5203-->134(1257)
16(1837)<--6680-->55(2862)
16(1837)<--4252-->110(2317)
17(3111)<--1275-->26(2150)
17(3111)<--5114-->45(3438)
17(3111)<--8016-->142(2616)
17(3111)<--4615-->83(3997)
17(3111)<--6440-->140(546)
17(3111)<--3610-->69(3650)
17(3111)<--8545-->153(2080)
17(3111)<--7312-->173(2069)
17(3111)<--8915-->114(508)
17(3111)<--1942-->108(1169)
17(3111)<--3115-->54(3369)
17(3111)<--6176-->66(3393)
17(3111)<--7000-->190(2596)
17(3111)<--3899-->70(743)
17(3111)<--7464-->178(2435)
17(3111)<--4762-->166(3814)
17(3111)<--5362-->146(2682)
17(3111)<--6266-->117(2597)
18(2284)<--4216-->57(2857)
18(2284)<--5252-->80(982)
18(2284)<--7517-->86(2461)
18(2284)<--1926-->62(2573)
18(2284)<--44-->120(2328)
18(2284)<--7256-->173(2069)
18(2284)<--2702-->133(2029)
18(2284)<--589-->148(2873)
18(2284)<--7625-->167(2630)
18(2284)<--4989-->170(1365)
18(2284)<--6388-->118(2176)
18(2284)<--332-->142(2616)
18(2284)<--6122-->95(2186)
18(2284)<--5717-->99(2367)
18(2284)<--453-->154(1831)
18(2284)<--5150-->150(2183)
18(2284)<--2664-->149(3109)
18(2284)<--9000-->146(2682)
18(2284)<--4403-->171(3929)
18(2284)<--785-->111(2535)
19(1044)<--6938-->33(2551)
19(1044)<--7013-->77(2298)
19(1044)<--107-->187(1151)
19(1044)<--8397-->109(3140)
19(1044)<--2002-->88(3046)
19(1044)<--8691-->95(2186)
19(1044)<--3157-->132(2468)
19(1044)<--5038-->195(1707)
19(1044)<--4320-->154(1831)
19(1044)<--8560-->23(2650)
19(1044)<--9751-->152(1832)
19(1044)<--5896-->185(2884)
19(1044)<--7406-->119(1090)
19(1044)<--3997-->160(2403)
19(1044)<--62-->80(982)
20(2351)<--2667-->66(3393)
20(2351)<--2676-->173(2069)
20(2351)<--8105-->43(3312)
20(2351)<--6434-->135(1533)
20(2351)<--6387-->33(2551)
20(2351)<--6183-->74(4286)
20(2351)<--8785-->106(2303)
20(2351)<--2484-->75(2720)
20(2351)<--9048-->130(1820)
20(2351)<--7194-->56(2609)
20(2351)<--9507-->50(3152)
20(2351)<--3014-->88(3046)
20(2351)<--392-->124(2057)
20(2351)<--2580-->61(1676)
20(2351)<--7372-->90(2018)
20(2351)<--1704-->92(647)
20(2351)<--2639-->87(1608)
20(2351)<--2398-->154(1831)
20(2351)<--4203-->41(2732)
20(2351)<--1435-->85(1193)
20(2351)<--5990-->169(2776)
20(2351)<--6086-->166(3814)
20(2351)<--2234-->28(2090)
20(2351)<--8099-->145(648)
21(3630)<--5183-->23(2650)
21(3630)<--2199-->40(4091)
21(3630)<--2556-->31(3455)
21(3630)<--4986-->71(1265)
21(3630)<--2151-->165(2442)
21(3630)<--494-->193(3136)
21(3630)<--1845-->154(1831)
21(3630)<--3060-->111(2535)
21(3630)<--2880-->85(1193)
21(3630)<--2775-->101(3536)
21(3630)<--2447-->182(3807)
21(3630)<--9884-->80(982)
21(3630)<--2681-->87(1608)
21(3630)<--6643-->102(2478)
21(3630)<--3748-->131(1445)
22(4028)<--5592-->92(647)
22(4028)<--4257-->64(2047)
22(4028)<--594-->24(3653)
22(4028)<--3783-->42(2040)
22(4028)<--1374-->41(2732)
22(4028)<--9960-->114(508)
22(4028)<--9362-->144(2359)
22(4028)<--3620-->146(2682)
22(4028)<--3243-->71(1265)
22(4028)<--8603-->143(2141)
22(4028)<--6075-->131(1445)
22(4028)<--4606-->192(1737)
22(4028)<--9656-->108(1169)
22(4028)<--4356-->168(2038)
22(4028)<--8713-->177(3829)
22(4028)<--1560-->132(2468)
23(2650)<--7543-->143(2141)
23(2650)<--6863-->161(4772)
23(2650)<--8074-->45(3438)
23(2650)<--208-->165(2442)
23(2650)<--5079-->118(2176)
23(2650)<--8336-->40(4091)
23(2650)<--9054-->27(1222)
23(2650)<--3201-->112(1759)
23(2650)<--4560-->135(1533)
23(2650)<--2133-->167(2630)
23(2650)<--4236-->188(2505)
23(2650)<--8077-->166(3814)
23(2650)<--3179-->195(1707)
23(2650)<--4485-->48(2757)
23(2650)<--7591-->137(3599)
23(2650)<--6485-->99(2367)
23(2650)<--3316-->71(1265)
23(2650)<--2431-->96(2398)
23(2650)<--922-->125(2618)
24(3653)<--6862-->141(1889)
24(3653)<--9337-->197(3068)
24(3653)<--5879-->66(3393)
24(3653)<--6941-->59(2947)
24(3653)<--4670-->70(743)
24(3653)<--4106-->55(2862)
24(3653)<--8083-->103(1826)
24(3653)<--7906-->61(1676)
24(3653)<--7959-->48(2757)
24(3653)<--784-->151(4159)
24(3653)<--393-->177(3829)
24(3653)<--8731-->102(2478)
24(3653)<--2838-->199(815)
24(3653)<--3509-->73(3007)
24(3653)<--9327-->187(1151)
24(3653)<--5669-->150(2183)
24(3653)<--7312-->164(1693)
24(3653)<--9540-->157(2143)
25(2249)<--9233-->115(2399)
25(2249)<--3875-->197(3068)
25(2249)<--3573-->185(2884)
25(2249)<--2332-->72(1539)
25(2249)<--4899-->104(2551)
25(2249)<--5378-->137(3599)
25(2249)<--2729-->77(2298)
25(2249)<--9251-->136(2417)
25(2249)<--108-->143(2141)
25(2249)<--9569-->83(3997)
25(2249)<--3214-->48(2757)
25(2249)<--3242-->155(2001)
25(2249)<--2477-->153(2080)
25(2249)<--3005-->129(676)
25(2249)<--219-->132(2468)
25(2249)<--1591-->37(2610)
25(2249)<--4188-->68(4636)
26(2150)<--5759-->147(3464)
26(2150)<--5553-->113(1899)
26(2150)<--7-->157(2143)
26(2150)<--9434-->65(826)
26(2150)<--4221-->116(3513)
26(2150)<--2747-->66(3393)
26(2150)<--7027-->138(2494)
26(2150)<--6697-->145(648)
26(2150)<--5706-->130(1820)
26(2150)<--701-->60(2592)
26(2150)<--9896-->127(3285)
26(2150)<--7200-->136(2417)
26(2150)<--5788-->120(2328)
26(2150)<--6165-->175(1432)
26(2150)<--9252-->70(743)
26(2150)<--36-->95(2186)
26(2150)<--6940-->106(2303)
26(2150)<--425-->96(2398)
26(2150)<--9329-->51(2503)
26(2150)<--4842-->183(2145)
26(2150)<--6754-->196(2417)
27(1222)<--3066-->78(2795)
27(1222)<--2124-->152(1832)
27(1222)<--9929-->108(1169)
27(1222)<--3896-->63(2498)
27(1222)<--5915-->151(4159)
27(1222)<--3101-->111(2535)
27(1222)<--8912-->34(2656)
27(1222)<--6234-->182(3807)
27(1222)<--7749-->133(2029)
27(1222)<--5344-->192(1737)
27(1222)<--714-->114(508)
27(1222)<--1578-->168(2038)
27(1222)<--210-->175(1432)
27(1222)<--5918-->138(2494)
27(1222)<--84-->122(1306)
28(2090)<--3816-->188(2505)
28(2090)<--2638-->116(3513)
28(2090)<--5604-->132(2468)
28(2090)<--3642-->178(2435)
28(2090)<--3705-->76(3220)
28(2090)<--9165-->122(1306)
28(2090)<--4164-->184(2703)
28(2090)<--366-->198(1724)
28(2090)<--9217-->161(4772)
28(2090)<--9059-->160(2403)
28(2090)<--5375-->56(2609)
28(2090)<--8874-->120(2328)
28(2090)<--4495-->111(2535)
28(2090)<--9441-->193(3136)
28(2090)<--6880-->157(2143)
28(2090)<--2803-->48(2757)
29(3540)<--8190-->78(2795)
29(3540)<--6452-->144(2359)
29(3540)<--9478-->114(508)
29(3540)<--5083-->156(3013)
29(3540)<--9692-->62(2573)
29(3540)<--4537-->121(2818)
29(3540)<--9797-->184(2703)
29(3540)<--6873-->109(3140)
29(3540)<--5446-->153(2080)
29(3540)<--3449-->67(2535)
29(3540)<--5830-->172(1990)
29(3540)<--1005-->111(2535)
29(3540)<--1642-->100(2970)
29(3540)<--3252-->148(2873)
30(2303)<--5469-->78(2795)
30(2303)<--7372-->119(1090)
30(2303)<--1616-->144(2359)
30(2303)<--1356-->130(1820)
30(2303)<--4458-->59(2947)
30(2303)<--9818-->40(4091)
30(2303)<--503-->79(2806)
30(2303)<--6233-->43(3312)
30(2303)<--4760-->148(2873)
30(2303)<--263-->42(2040)
30(2303)<--5668-->57(2857)
30(2303)<--3846-->185(2884)
30(2303)<--6979-->101(3536)
30(2303)<--6976-->94(3415)
30(2303)<--7819-->106(2303)
30(2303)<--9294-->71(1265)
31(3455)<--2598-->50(3152)
31(3455)<--7688-->75(2720)
31(3455)<--7840-->47(2979)
31(3455)<--8583-->99(2367)
31(3455)<--5055-->190(2596)
31(3455)<--5231-->112(1759)
31(3455)<--7617-->114(508)
31(3455)<--6949-->118(2176)
31(3455)<--3598-->180(3027)
31(3455)<--5564-->199(815)
31(3455)<--9855-->35(998)
31(3455)<--2837-->146(2682)
31(3455)<--3739-->51(2503)
31(3455)<--6588-->83(3997)
31(3455)<--5964-->46(2937)
32(3004)<--3823-->136(2417)
32(3004)<--1689-->77(2298)
32(3004)<--3395-->92(647)
32(3004)<--1615-->121(2818)
32(3004)<--7494-->85(1193)
32(3004)<--9631-->173(2069)
32(3004)<--6902-->177(3829)
32(3004)<--8129-->88(3046)
32(3004)<--7329-->36(2236)
32(3004)<--6065-->116(3513)
32(3004)<--3332-->61(1676)
32(3004)<--7352-->68(4636)
32(3004)<--1914-->119(1090)
32(3004)<--8571-->82(2052)
32(3004)<--9909-->70(743)
33(2551)<--4841-->144(2359)
33(2551)<--5949-->173(2069)
33(2551)<--3648-->170(1365)
33(2551)<--652-->113(1899)
33(2551)<--1986-->110(2317)
33(2551)<--3577-->82(2052)
33(2551)<--1837-->61(1676)
33(2551)<--5671-->97(4248)
33(2551)<--1252-->55(2862)
33(2551)<--914-->48(2757)
33(2551)<--3642-->74(4286)
33(2551)<--67-->125(2618)
33(2551)<--3089-->89(3261)
33(2551)<--3258-->176(2279)
33(2551)<--6960-->138(2494)
33(2551)<--6574-->153(2080)
33(2551)<--3913-->171(3929)
34(2656)<--6435-->86(2461)
34(2656)<--8641-->156(3013)
34(2656)<--2540-->72(1539)
34(2656)<--5267-->181(2345)
34(2656)<--8824-->58(3668)
34(2656)<--8528-->179(3691)
34(2656)<--9864-->62(2573)
34(2656)<--2348-->70(743)
34(2656)<--5471-->57(2857)
34(2656)<--236-->53(2420)
34(2656)<--3923-->168(2038)
34(2656)<--3383-->101(3536)
34(2656)<--7791-->142(2616)
34(2656)<--7174-->55(2862)
34(2656)<--9758-->147(3464)
34(2656)<--8196-->199(815)
35(998)<--3693-->57(2857)
35(998)<--3087-->144(2359)
35(998)<--490-->114(508)
35(998)<--8910-->65(826)
35(998)<--5774-->178(2435)
35(998)<--992-->172(1990)
35(998)<--8640-->118(2176)
35(998)<--6749-->41(2732)
35(998)<--853-->39(1851)
35(998)<--6071-->64(2047)
35(998)<--2816-->166(3814)
35(998)<--7437-->184(2703)
35(998)<--3098-->49(2437)
35(998)<--7369-->182(3807)
35(998)<--4985-->110(2317)
35(998)<--8775-->93(3542)
36(2236)<--2032-->80(982)
36(2236)<--7589-->130(1820)
36(2236)<--6226-->123(2805)
36(2236)<--116-->150(2183)
36(2236)<--7759-->88(3046)
36(2236)<--8612-->100(2970)
36(2236)<--6280-->198(1724)
36(2236)<--953-->49(2437)
36(2236)<--5111-->143(2141)
36(2236)<--4917-->42(2040)
36(2236)<--979-->134(1257)
36(2236)<--6043-->159(1627)
36(2236)<--2380-->67(2535)
36(2236)<--9550-->148(2873)
36(2236)<--7266-->48(2757)
37(2610)<--9188-->197(3068)
37(2610)<--9313-->119(1090)
37(2610)<--4105-->187(1151)
37(2610)<--3573-->191(4123)
37(2610)<--2135-->109(3140)
37(2610)<--751-->75(2720)
37(2610)<--7541-->200(2060)
37(2610)<--8208-->139(4101)
37(2610)<--609-->155(2001)
37(2610)<--6433-->142(2616)
37(2610)<--821-->132(2468)
37(2610)<--7714-->156(3013)
37(2610)<--1144-->107(2540)
37(2610)<--7757-->99(2367)
38(3548)<--7087-->91(2786)
38(3548)<--502-->88(3046)
38(3548)<--6092-->132(2468)
38(3548)<--5441-->126(1694)
38(3548)<--8391-->147(3464)
38(3548)<--5227-->130(1820)
38(3548)<--4400-->146(2682)
38(3548)<--8712-->108(1169)
38(3548)<--1369-->100(2970)
38(3548)<--4730-->134(1257)
38(3548)<--2975-->87(1608)
38(3548)<--6169-->99(2367)
38(3548)<--5213-->183(2145)
38(3548)<--4945-->109(3140)
39(1851)<--4319-->200(2060)
39(1851)<--3993-->98(3515)
39(1851)<--2414-->130(1820)
39(1851)<--2489-->40(4091)
39(1851)<--9267-->196(2417)
39(1851)<--8145-->133(2029)
39(1851)<--3528-->82(2052)
39(1851)<--9175-->44(2142)
39(1851)<--5464-->42(2040)
39(1851)<--6103-->127(3285)
39(1851)<--6132-->93(3542)
39(1851)<--9506-->180(3027)
39(1851)<--7454-->192(1737)
39(1851)<--1376-->119(1090)
39(1851)<--983-->115(2399)
39(1851)<--7400-->81(2976)
40(4091)<--7760-->120(2328)
40(4091)<--2885-->101(3536)
40(4091)<--7772-->144(2359)
40(4091)<--5739-->96(2398)
40(4091)<--4658-->136(2417)
40(4091)<--4306-->184(2703)
40(4091)<--4263-->189(2340)
40(4091)<--8883-->108(1169)
40(4091)<--9657-->80(982)
40(4091)<--2338-->181(2345)
40(4091)<--3056-->162(2556)
40(4091)<--2826-->71(1265)
40(4091)<--5800-->68(4636)
41(2732)<--2622-->200(2060)
41(2732)<--63-->78(2795)
41(2732)<--4654-->66(3393)
41(2732)<--7215-->198(1724)
41(2732)<--284-->59(2947)
41(2732)<--7333-->75(2720)
41(2732)<--5235-->181(2345)
41(2732)<--901-->154(1831)
41(2732)<--7278-->150(2183)
41(2732)<--7917-->103(1826)
41(2732)<--5256-->163(2124)
41(2732)<--7776-->91(2786)
41(2732)<--1858-->147(3464)
41(2732)<--3741-->165(2442)
41(2732)<--8116-->107(2540)
42(2040)<--2382-->160(2403)
42(2040)<--6539-->156(3013)
42(2040)<--8096-->61(1676)
42(2040)<--347-->164(1693)
42(2040)<--6498-->194(1073)
42(2040)<--5383-->172(1990)
42(2040)<--2726-->104(2551)
42(2040)<--3496-->124(2057)
42(2040)<--4792-->161(4772)
42(2040)<--5951-->159(1627)
42(2040)<--7074-->117(2597)
42(2040)<--9391-->186(3806)
42(2040)<--3249-->62(2573)
42(2040)<--9404-->79(2806)
42(2040)<--3075-->187(1151)
42(2040)<--4572-->137(3599)
42(2040)<--1278-->163(2124)
42(2040)<--6663-->60(2592)
42(2040)<--9396-->70(743)
42(2040)<--9154-->73(3007)
43(3312)<--8943-->200(2060)
43(3312)<--9621-->159(1627)
43(3312)<--3906-->97(4248)
43(3312)<--6849-->164(1693)
43(3312)<--8488-->133(2029)
43(3312)<--8964-->108(1169)
43(3312)<--5052-->79(2806)
43(3312)<--8231-->131(1445)
43(3312)<--8120-->167(2630)
43(3312)<--2685-->130(1820)
43(3312)<--7965-->138(2494)
43(3312)<--9544-->177(3829)
43(3312)<--1171-->143(2141)
43(3312)<--5805-->65(826)
43(3312)<--8008-->118(2176)
43(3312)<--4482-->140(546)
43(3312)<--8479-->93(3542)
44(2142)<--4900-->197(3068)
44(2142)<--2276-->144(2359)
44(2142)<--2619-->198(1724)
44(2142)<--7875-->87(1608)
44(2142)<--8130-->191(4123)
44(2142)<--6953-->166(3814)
44(2142)<--6940-->170(1365)
44(2142)<--18-->163(2124)
44(2142)<--9988-->79(2806)
44(2142)<--2888-->145(648)
44(2142)<--5518-->173(2069)
44(2142)<--9979-->57(2857)
44(2142)<--3134-->82(2052)
44(2142)<--4113-->54(3369)
45(3438)<--4630-->57(2857)
45(3438)<--9496-->112(1759)
45(3438)<--4994-->130(1820)
45(3438)<--8207-->86(2461)
45(3438)<--5279-->120(2328)
45(3438)<--662-->169(2776)
45(3438)<--3436-->162(2556)
45(3438)<--8060-->170(1365)
45(3438)<--5918-->118(2176)
45(3438)<--3290-->124(2057)
45(3438)<--8317-->110(2317)
45(3438)<--1163-->167(2630)
46(2937)<--2413-->57(2857)
46(2937)<--9550-->152(1832)
46(2937)<--7512-->86(2461)
46(2937)<--132-->123(2805)
46(2937)<--2860-->138(2494)
46(2937)<--8206-->195(1707)
46(2937)<--9923-->176(2279)
46(2937)<--2687-->119(1090)
46(2937)<--9328-->54(3369)
46(2937)<--9632-->196(2417)
46(2937)<--5109-->73(3007)
46(2937)<--2969-->173(2069)
46(2937)<--199-->193(3136)
46(2937)<--7968-->80(982)
46(2937)<--2429-->194(1073)
47(2979)<--9584-->57(2857)
47(2979)<--9480-->114(508)
47(2979)<--9483-->145(648)
47(2979)<--5892-->190(2596)
47(2979)<--8382-->182(3807)
47(2979)<--9533-->129(676)
47(2979)<--5297-->142(2616)
47(2979)<--1229-->58(3668)
47(2979)<--2959-->146(2682)
47(2979)<--5939-->189(2340)
47(2979)<--2138-->76(3220)
47(2979)<--2236-->70(743)
48(2757)<--5835-->152(1832)
48(2757)<--8869-->135(1533)
48(2757)<--3578-->53(2420)
48(2757)<--201-->162(2556)
48(2757)<--7941-->141(1889)
48(2757)<--2792-->85(1193)
48(2757)<--3588-->86(2461)
48(2757)<--2593-->124(2057)
48(2757)<--7921-->130(1820)
49(2437)<--8648-->160(2403)
49(2437)<--2962-->154(1831)
49(2437)<--7520-->109(3140)
49(2437)<--9747-->178(2435)
49(2437)<--3113-->192(1737)
49(2437)<--2935-->112(1759)
49(2437)<--3441-->71(1265)
49(2437)<--9901-->96(2398)
49(2437)<--9736-->171(3929)
49(2437)<--4688-->163(2124)
49(2437)<--5167-->133(2029)
49(2437)<--2896-->117(2597)
49(2437)<--9278-->105(3368)
50(3152)<--5767-->152(1832)
50(3152)<--6454-->112(1759)
50(3152)<--3968-->185(2884)
50(3152)<--5220-->77(2298)
50(3152)<--2667-->165(2442)
50(3152)<--990-->98(3515)
50(3152)<--2485-->187(1151)
50(3152)<--3798-->198(1724)
50(3152)<--2987-->128(1203)
50(3152)<--7031-->189(2340)
50(3152)<--9931-->52(2817)
50(3152)<--3622-->127(3285)
50(3152)<--2502-->179(3691)
50(3152)<--5026-->191(4123)
50(3152)<--4905-->153(2080)
51(2503)<--7589-->80(982)
51(2503)<--4882-->72(1539)
51(2503)<--1096-->137(3599)
51(2503)<--8755-->138(2494)
51(2503)<--662-->109(3140)
51(2503)<--4225-->67(2535)
51(2503)<--158-->181(2345)
51(2503)<--6107-->132(2468)
51(2503)<--8899-->189(2340)
51(2503)<--3017-->159(1627)
51(2503)<--5675-->120(2328)
51(2503)<--1625-->176(2279)
52(2817)<--4973-->115(2399)
52(2817)<--7816-->159(1627)
52(2817)<--8925-->185(2884)
52(2817)<--7805-->188(2505)
52(2817)<--9063-->97(4248)
52(2817)<--9846-->137(3599)
52(2817)<--424-->91(2786)
52(2817)<--634-->150(2183)
52(2817)<--2416-->56(2609)
52(2817)<--3647-->107(2540)
52(2817)<--7601-->68(4636)
52(2817)<--1134-->168(2038)
52(2817)<--3504-->179(3691)
53(2420)<--7352-->114(508)
53(2420)<--4662-->156(3013)
53(2420)<--153-->62(2573)
53(2420)<--1227-->85(1193)
53(2420)<--9852-->177(3829)
53(2420)<--9285-->71(1265)
53(2420)<--7353-->86(2461)
53(2420)<--662-->150(2183)
53(2420)<--5304-->183(2145)
53(2420)<--8054-->125(2618)
53(2420)<--8361-->54(3369)
54(3369)<--2223-->197(3068)
54(3369)<--2906-->66(3393)
54(3369)<--1794-->136(2417)
54(3369)<--4883-->188(2505)
54(3369)<--7832-->109(3140)
54(3369)<--438-->182(3807)
54(3369)<--4899-->200(2060)
54(3369)<--2279-->112(1759)
54(3369)<--2296-->169(2776)
54(3369)<--6261-->138(2494)
55(2862)<--5181-->188(2505)
55(2862)<--6050-->101(3536)
55(2862)<--7795-->169(2776)
55(2862)<--3088-->149(3109)
55(2862)<--8583-->193(3136)
55(2862)<--3342-->145(648)
55(2862)<--8477-->105(3368)
55(2862)<--3686-->166(3814)
55(2862)<--44-->121(2818)
55(2862)<--3547-->82(2052)
56(2609)<--3516-->101(3536)
56(2609)<--5284-->179(3691)
56(2609)<--3031-->127(3285)
56(2609)<--9811-->161(4772)
56(2609)<--7923-->77(2298)
56(2609)<--7267-->182(3807)
56(2609)<--3375-->88(3046)
56(2609)<--1315-->61(1676)
56(2609)<--1934-->117(2597)
56(2609)<--552-->124(2057)
56(2609)<--361-->100(2970)
57(2857)<--558-->94(3415)
57(2857)<--8815-->186(3806)
57(2857)<--6678-->85(1193)
57(2857)<--6563-->84(2656)
57(2857)<--9772-->185(2884)
57(2857)<--8012-->67(2535)
57(2857)<--893-->155(2001)
57(2857)<--810-->64(2047)
57(2857)<--8722-->80(982)
57(2857)<--2058-->160(2403)
57(2857)<--2689-->59(2947)
57(2857)<--2330-->79(2806)
57(2857)<--7592-->184(2703)
57(2857)<--6483-->162(2556)
57(2857)<--656-->116(3513)
57(2857)<--4868-->106(2303)
57(2857)<--6342-->131(1445)
57(2857)<--9093-->183(2145)
58(3668)<--5877-->152(1832)
58(3668)<--3677-->98(3515)
58(3668)<--7020-->130(1820)
58(3668)<--5735-->59(2947)
58(3668)<--8818-->121(2818)
58(3668)<--6906-->102(2478)
58(3668)<--4857-->150(2183)
58(3668)<--7141-->90(2018)
58(3668)<--5989-->86(2461)
58(3668)<--3675-->175(1432)
58(3668)<--2365-->79(2806)
58(3668)<--8993-->186(3806)
58(3668)<--1050-->125(2618)
58(3668)<--7934-->74(4286)
58(3668)<--2267-->147(3464)
58(3668)<--6166-->193(3136)
59(2947)<--1293-->86(2461)
59(2947)<--2651-->147(3464)
59(2947)<--2405-->149(3109)
59(2947)<--9126-->141(1889)
59(2947)<--4585-->112(1759)
59(2947)<--4470-->74(4286)
59(2947)<--8958-->199(815)
59(2947)<--391-->162(2556)
59(2947)<--2435-->180(3027)
59(2947)<--7154-->72(1539)
59(2947)<--1804-->101(3536)
59(2947)<--4628-->87(1608)
59(2947)<--4170-->168(2038)
59(2947)<--671-->99(2367)
59(2947)<--8055-->70(743)
60(2592)<--3269-->200(2060)
60(2592)<--2073-->98(3515)
60(2592)<--6670-->185(2884)
60(2592)<--2231-->120(2328)
60(2592)<--1402-->127(3285)
60(2592)<--4415-->189(2340)
60(2592)<--52-->107(2540)
60(2592)<--2317-->146(2682)
60(2592)<--2570-->112(1759)
60(2592)<--6667-->154(1831)
60(2592)<--5345-->177(3829)
60(2592)<--2781-->172(1990)
61(1676)<--49-->159(1627)
61(1676)<--9053-->87(1608)
61(1676)<--448-->163(2124)
61(1676)<--9775-->190(2596)
61(1676)<--5301-->155(2001)
61(1676)<--4803-->173(2069)
61(1676)<--3324-->115(2399)
61(1676)<--5577-->196(2417)
61(1676)<--6888-->171(3929)
61(1676)<--6924-->131(1445)
61(1676)<--8928-->195(1707)
62(2573)<--9163-->97(4248)
62(2573)<--3851-->120(2328)
62(2573)<--3238-->154(1831)
62(2573)<--9007-->88(3046)
62(2573)<--7404-->152(1832)
62(2573)<--4144-->161(4772)
62(2573)<--2736-->105(3368)
62(2573)<--5324-->107(2540)
62(2573)<--1913-->115(2399)
62(2573)<--4145-->121(2818)
62(2573)<--7419-->116(3513)
62(2573)<--6610-->193(3136)
62(2573)<--8383-->103(1826)
63(2498)<--5607-->141(1889)
63(2498)<--5873-->77(2298)
63(2498)<--5160-->169(2776)
63(2498)<--5264-->95(2186)
63(2498)<--2323-->69(3650)
63(2498)<--1315-->125(2618)
63(2498)<--5709-->158(1376)
63(2498)<--5806-->102(2478)
63(2498)<--9314-->103(1826)
63(2498)<--3007-->71(1265)
63(2498)<--5257-->131(1445)
63(2498)<--9006-->92(647)
63(2498)<--5638-->96(2398)
64(2047)<--3909-->98(3515)
64(2047)<--2201-->97(4248)
64(2047)<--2385-->120(2328)
64(2047)<--7660-->177(3829)
64(2047)<--2716-->83(3997)
64(2047)<--9744-->81(2976)
64(2047)<--2663-->111(2535)
64(2047)<--2685-->145(648)
64(2047)<--2493-->130(1820)
64(2047)<--6419-->148(2873)
64(2047)<--256-->106(2303)
64(2047)<--158-->141(1889)
64(2047)<--414-->86(2461)
64(2047)<--9403-->87(1608)
64(2047)<--771-->121(2818)
64(2047)<--4635-->102(2478)
64(2047)<--2090-->67(2535)
64(2047)<--4631-->131(1445)
64(2047)<--4701-->182(3807)
64(2047)<--6711-->110(2317)
65(826)<--3595-->152(1832)
65(826)<--6930-->66(3393)
65(826)<--6170-->97(4248)
65(826)<--9599-->123(2805)
65(826)<--7920-->175(1432)
65(826)<--5533-->155(2001)
65(826)<--1652-->102(2478)
65(826)<--4069-->77(2298)
65(826)<--3575-->198(1724)
65(826)<--3054-->81(2976)
65(826)<--11-->199(815)
65(826)<--6605-->95(2186)
65(826)<--439-->71(1265)
65(826)<--9956-->134(1257)
65(826)<--6617-->74(4286)
65(826)<--3705-->165(2442)
65(826)<--5376-->140(546)
66(3393)<--2902-->80(982)
66(3393)<--8312-->68(4636)
66(3393)<--777-->142(2616)
66(3393)<--2965-->156(3013)
66(3393)<--7710-->84(2656)
66(3393)<--3328-->102(2478)
66(3393)<--2271-->112(1759)
66(3393)<--5873-->93(3542)
66(3393)<--3424-->94(3415)
66(3393)<--5826-->130(1820)
66(3393)<--824-->69(3650)
66(3393)<--3012-->89(3261)
67(2535)<--5417-->102(2478)
67(2535)<--5048-->175(1432)
67(2535)<--6204-->153(2080)
67(2535)<--1414-->137(3599)
67(2535)<--3802-->133(2029)
67(2535)<--980-->98(3515)
67(2535)<--475-->200(2060)
67(2535)<--1394-->171(3929)
67(2535)<--1880-->124(2057)
67(2535)<--5737-->195(1707)
67(2535)<--6216-->100(2970)
67(2535)<--1468-->103(1826)
68(4636)<--3540-->141(1889)
68(4636)<--8223-->197(3068)
68(4636)<--7924-->78(2795)
68(4636)<--2277-->144(2359)
68(4636)<--7082-->174(3558)
68(4636)<--4920-->163(2124)
68(4636)<--3895-->146(2682)
68(4636)<--9624-->140(546)
68(4636)<--2528-->186(3806)
69(3650)<--6284-->198(1724)
69(3650)<--9959-->156(3013)
69(3650)<--3354-->75(2720)
69(3650)<--2357-->168(2038)
69(3650)<--1172-->102(2478)
69(3650)<--8022-->190(2596)
69(3650)<--9030-->139(4101)
69(3650)<--6171-->161(4772)
69(3650)<--4815-->96(2398)
69(3650)<--5215-->189(2340)
69(3650)<--1427-->94(3415)
70(743)<--7231-->148(2873)
70(743)<--3256-->175(1432)
70(743)<--2366-->149(3109)
70(743)<--96-->92(647)
70(743)<--6532-->153(2080)
70(743)<--3394-->178(2435)
70(743)<--1295-->168(2038)
70(743)<--4830-->156(3013)
70(743)<--9089-->124(2057)
70(743)<--5332-->183(2145)
71(1265)<--1229-->138(2494)
71(1265)<--1711-->81(2976)
71(1265)<--1539-->170(1365)
71(1265)<--7485-->134(1257)
71(1265)<--6038-->142(2616)
71(1265)<--6127-->145(648)
71(1265)<--7143-->186(3806)
71(1265)<--6702-->171(3929)
72(1539)<--5839-->78(2795)
72(1539)<--6215-->119(1090)
72(1539)<--8350-->114(508)
72(1539)<--8782-->113(1899)
72(1539)<--3377-->102(2478)
72(1539)<--3153-->172(1990)
72(1539)<--4836-->89(3261)
72(1539)<--5128-->178(2435)
72(1539)<--2287-->120(2328)
72(1539)<--2019-->174(3558)
72(1539)<--541-->153(2080)
72(1539)<--859-->96(2398)
72(1539)<--4264-->146(2682)
72(1539)<--8573-->171(3929)
72(1539)<--604-->157(2143)
73(3007)<--4969-->159(1627)
73(3007)<--6534-->97(4248)
73(3007)<--2438-->77(2298)
73(3007)<--2581-->174(3558)
73(3007)<--8061-->150(2183)
73(3007)<--4428-->139(4101)
73(3007)<--5233-->149(3109)
73(3007)<--5133-->90(2018)
73(3007)<--212-->78(2795)
73(3007)<--8521-->194(1073)
73(3007)<--2239-->172(1990)
74(4286)<--8960-->159(1627)
74(4286)<--7031-->99(2367)
74(4286)<--1223-->179(3691)
74(4286)<--5576-->93(3542)
74(4286)<--8627-->164(1693)
74(4286)<--6731-->110(2317)
74(4286)<--8251-->108(1169)
74(4286)<--2602-->165(2442)
74(4286)<--1468-->121(2818)
74(4286)<--1873-->182(3807)
74(4286)<--8129-->176(2279)
75(2720)<--9140-->115(2399)
75(2720)<--9237-->141(1889)
75(2720)<--2187-->80(982)
75(2720)<--259-->86(2461)
75(2720)<--6095-->92(647)
75(2720)<--1883-->97(4248)
75(2720)<--3244-->87(1608)
75(2720)<--6892-->120(2328)
75(2720)<--5902-->131(1445)
75(2720)<--5943-->108(1169)
75(2720)<--1403-->191(4123)
75(2720)<--2609-->81(2976)
76(3220)<--7291-->115(2399)
76(3220)<--3674-->185(2884)
76(3220)<--3275-->181(2345)
76(3220)<--1079-->143(2141)
76(3220)<--1865-->125(2618)
76(3220)<--8433-->178(2435)
76(3220)<--9690-->114(508)
76(3220)<--1793-->100(2970)
76(3220)<--4623-->200(2060)
76(3220)<--6878-->199(815)
76(3220)<--5683-->138(2494)
76(3220)<--1969-->141(1889)
76(3220)<--9595-->126(1694)
76(3220)<--4424-->83(3997)
76(3220)<--6942-->89(3261)
77(2298)<--3500-->112(1759)
77(2298)<--105-->160(2403)
77(2298)<--5702-->189(2340)
77(2298)<--5135-->191(4123)
77(2298)<--8896-->124(2057)
77(2298)<--5081-->198(1724)
77(2298)<--2337-->129(676)
77(2298)<--2481-->133(2029)
77(2298)<--561-->192(1737)
77(2298)<--7040-->87(1608)
77(2298)<--9161-->106(2303)
77(2298)<--4483-->153(2080)
77(2298)<--4771-->172(1990)
78(2795)<--6367-->158(1376)
78(2795)<--6207-->122(1306)
78(2795)<--2732-->116(3513)
78(2795)<--6310-->161(4772)
78(2795)<--1377-->104(2551)
78(2795)<--3955-->83(3997)
78(2795)<--6603-->98(3515)
78(2795)<--8423-->154(1831)
78(2795)<--1910-->137(3599)
78(2795)<--6919-->135(1533)
78(2795)<--7244-->145(648)
79(2806)<--7918-->141(1889)
79(2806)<--3205-->101(3536)
79(2806)<--3768-->165(2442)
79(2806)<--3059-->96(2398)
79(2806)<--4117-->119(1090)
79(2806)<--6519-->152(1832)
79(2806)<--8726-->166(3814)
79(2806)<--8395-->161(4772)
79(2806)<--5169-->89(3261)
79(2806)<--5792-->134(1257)
79(2806)<--9043-->117(2597)
79(2806)<--7314-->129(676)
79(2806)<--9677-->109(3140)
79(2806)<--820-->167(2630)
79(2806)<--7737-->193(3136)
79(2806)<--5784-->194(1073)
80(982)<--4645-->84(2656)
80(982)<--1417-->115(2399)
80(982)<--6728-->151(4159)
80(982)<--5208-->112(1759)
80(982)<--9606-->152(1832)
80(982)<--917-->113(1899)
80(982)<--2257-->121(2818)
80(982)<--7217-->133(2029)
80(982)<--7729-->179(3691)
80(982)<--108-->119(1090)
80(982)<--7213-->97(4248)
80(982)<--7715-->172(1990)
80(982)<--7224-->89(3261)
81(2976)<--2608-->115(2399)
81(2976)<--5540-->197(3068)
81(2976)<--8866-->97(4248)
81(2976)<--4493-->101(3536)
81(2976)<--2519-->109(3140)
81(2976)<--1409-->136(2417)
81(2976)<--424-->142(2616)
81(2976)<--4032-->141(1889)
81(2976)<--3061-->183(2145)
81(2976)<--4485-->184(2703)
81(2976)<--7627-->95(2186)
81(2976)<--9810-->143(2141)
81(2976)<--6124-->89(3261)
82(2052)<--3349-->130(1820)
82(2052)<--4691-->156(3013)
82(2052)<--591-->173(2069)
82(2052)<--7882-->177(3829)
82(2052)<--8491-->116(3513)
82(2052)<--4162-->132(2468)
82(2052)<--519-->135(1533)
82(2052)<--3457-->131(1445)
82(2052)<--6834-->128(1203)
83(3997)<--9306-->185(2884)
83(3997)<--6823-->149(3109)
83(3997)<--8200-->167(2630)
83(3997)<--8516-->117(2597)
83(3997)<--1555-->165(2442)
83(3997)<--162-->151(4159)
84(2656)<--6417-->119(1090)
84(2656)<--5999-->198(1724)
84(2656)<--4270-->136(2417)
84(2656)<--195-->86(2461)
84(2656)<--5330-->104(2551)
84(2656)<--5421-->154(1831)
84(2656)<--4367-->137(3599)
84(2656)<--3812-->95(2186)
84(2656)<--8763-->159(1627)
84(2656)<--2436-->170(1365)
84(2656)<--2954-->107(2540)
84(2656)<--9888-->85(1193)
84(2656)<--9312-->134(1257)
85(1193)<--3613-->160(2403)
85(1193)<--6669-->156(3013)
85(1193)<--6193-->168(2038)
85(1193)<--6221-->136(2417)
85(1193)<--5525-->180(3027)
85(1193)<--1102-->118(2176)
85(1193)<--544-->192(1737)
85(1193)<--517-->129(676)
85(1193)<--2349-->93(3542)
85(1193)<--7478-->87(1608)
85(1193)<--1147-->189(2340)
85(1193)<--8110-->167(2630)
85(1193)<--836-->133(2029)
85(1193)<--3873-->132(2468)
85(1193)<--4644-->128(1203)
85(1193)<--6060-->110(2317)
86(2461)<--4291-->115(2399)
86(2461)<--9714-->197(3068)
86(2461)<--8808-->144(2359)
86(2461)<--937-->126(1694)
86(2461)<--1115-->189(2340)
86(2461)<--7010-->177(3829)
86(2461)<--4604-->180(3027)
86(2461)<--4447-->157(2143)
86(2461)<--5230-->120(2328)
86(2461)<--801-->184(2703)
86(2461)<--1663-->142(2616)
86(2461)<--4220-->117(2597)
87(1608)<--8712-->160(2403)
87(1608)<--518-->119(1090)
87(1608)<--9647-->94(3415)
87(1608)<--9716-->168(2038)
87(1608)<--3629-->164(1693)
87(1608)<--19-->159(1627)
87(1608)<--6921-->191(4123)
87(1608)<--8011-->88(3046)
87(1608)<--1022-->167(2630)
87(1608)<--4081-->158(1376)
87(1608)<--1219-->110(2317)
88(3046)<--7322-->113(1899)
88(3046)<--9026-->136(2417)
88(3046)<--2295-->151(4159)
88(3046)<--6770-->150(2183)
88(3046)<--5547-->183(2145)
88(3046)<--4629-->94(3415)
88(3046)<--6611-->115(2399)
88(3046)<--1726-->161(4772)
88(3046)<--5012-->125(2618)
88(3046)<--6267-->89(3261)
89(3261)<--1723-->123(2805)
89(3261)<--858-->174(3558)
89(3261)<--2446-->199(815)
89(3261)<--2736-->105(3368)
89(3261)<--6612-->180(3027)
89(3261)<--4055-->163(2124)
90(2018)<--4427-->152(1832)
90(2018)<--1117-->115(2399)
90(2018)<--928-->119(1090)
90(2018)<--7284-->185(2884)
90(2018)<--9076-->108(1169)
90(2018)<--3149-->179(3691)
90(2018)<--7846-->139(4101)
90(2018)<--6223-->144(2359)
90(2018)<--6914-->174(3558)
91(2786)<--383-->160(2403)
91(2786)<--5060-->181(2345)
91(2786)<--3418-->174(3558)
91(2786)<--4626-->113(1899)
91(2786)<--1806-->95(2186)
91(2786)<--6625-->192(1737)
91(2786)<--1105-->115(2399)
91(2786)<--4129-->137(3599)
91(2786)<--9164-->142(2616)
91(2786)<--5553-->158(1376)
91(2786)<--1988-->200(2060)
92(647)<--4320-->130(1820)
92(647)<--1844-->108(1169)
92(647)<--610-->134(1257)
92(647)<--426-->194(1073)
92(647)<--3182-->177(3829)
92(647)<--6085-->94(3415)
92(647)<--556-->128(1203)
92(647)<--7980-->186(3806)
92(647)<--6763-->139(4101)
92(647)<--3819-->121(2818)
92(647)<--8080-->138(2494)
93(3542)<--4071-->181(2345)
93(3542)<--4073-->154(1831)
93(3542)<--7477-->106(2303)
93(3542)<--9213-->150(2183)
93(3542)<--6617-->98(3515)
93(3542)<--7807-->147(3464)
93(3542)<--6543-->152(1832)
93(3542)<--5670-->167(2630)
94(3415)<--2733-->120(2328)
94(3415)<--8318-->191(4123)
94(3415)<--7116-->139(4101)
94(3415)<--1299-->109(3140)
94(3415)<--9318-->170(1365)
94(3415)<--3350-->115(2399)
94(3415)<--9959-->171(3929)
95(2186)<--8126-->119(1090)
95(2186)<--555-->112(1759)
95(2186)<--1104-->120(2328)
95(2186)<--4092-->173(2069)
95(2186)<--231-->196(2417)
95(2186)<--1278-->147(3464)
95(2186)<--2917-->125(2618)
95(2186)<--6026-->105(3368)
96(2398)<--9639-->104(2551)
96(2398)<--712-->113(1899)
96(2398)<--3737-->162(2556)
96(2398)<--1251-->155(2001)
96(2398)<--5643-->151(4159)
96(2398)<--9274-->143(2141)
96(2398)<--5939-->183(2145)
96(2398)<--6736-->147(3464)
96(2398)<--8831-->193(3136)
97(4248)<--7065-->185(2884)
97(4248)<--4695-->188(2505)
97(4248)<--6411-->192(1737)
97(4248)<--7969-->112(1759)
97(4248)<--6527-->140(546)
97(4248)<--4667-->137(3599)
98(3515)<--5825-->115(2399)
98(3515)<--4614-->131(1445)
98(3515)<--5515-->155(2001)
98(3515)<--1235-->139(4101)
98(3515)<--8330-->102(2478)
98(3515)<--2690-->200(2060)
98(3515)<--2364-->166(3814)
98(3515)<--6139-->162(2556)
98(3515)<--9545-->117(2597)
98(3515)<--7198-->144(2359)
98(3515)<--2093-->150(2183)
98(3515)<--4300-->143(2141)
99(2367)<--9140-->104(2551)
99(2367)<--5675-->174(3558)
99(2367)<--6818-->157(2143)
99(2367)<--6234-->132(2468)
99(2367)<--2897-->182(3807)
99(2367)<--4990-->151(4159)
99(2367)<--3577-->183(2145)
99(2367)<--2090-->133(2029)
99(2367)<--4560-->153(2080)
99(2367)<--1408-->127(3285)
99(2367)<--4566-->193(3136)
99(2367)<--5832-->194(1073)
100(2970)<--6567-->159(1627)
100(2970)<--7178-->137(3599)
100(2970)<--9709-->163(2124)
100(2970)<--6674-->190(2596)
100(2970)<--2994-->142(2616)
100(2970)<--6605-->144(2359)
100(2970)<--2584-->128(1203)
100(2970)<--9522-->153(2080)
100(2970)<--5512-->145(648)
101(3536)<--8531-->188(2505)
101(3536)<--1393-->157(2143)
101(3536)<--4083-->171(3929)
101(3536)<--3619-->144(2359)
101(3536)<--5024-->113(1899)
101(3536)<--6033-->163(2124)
101(3536)<--8821-->129(676)
101(3536)<--9591-->184(2703)
101(3536)<--2902-->138(2494)
101(3536)<--4042-->143(2141)
102(2478)<--7884-->144(2359)
102(2478)<--3585-->181(2345)
102(2478)<--6814-->137(3599)
102(2478)<--6572-->172(1990)
102(2478)<--2689-->117(2597)
102(2478)<--4462-->177(3829)
102(2478)<--9634-->183(2145)
102(2478)<--1334-->178(2435)
102(2478)<--8230-->161(4772)
102(2478)<--6370-->140(546)
103(1826)<--6851-->200(2060)
103(1826)<--8756-->123(2805)
103(1826)<--9683-->191(4123)
103(1826)<--7409-->112(1759)
103(1826)<--491-->110(2317)
103(1826)<--2920-->131(1445)
103(1826)<--696-->196(2417)
103(1826)<--9654-->186(3806)
103(1826)<--5248-->113(1899)
103(1826)<--1318-->114(508)
104(2551)<--8162-->141(1889)
104(2551)<--9213-->123(2805)
104(2551)<--8615-->126(1694)
104(2551)<--7083-->200(2060)
104(2551)<--4174-->197(3068)
104(2551)<--4219-->192(1737)
104(2551)<--6236-->142(2616)
104(2551)<--561-->172(1990)
104(2551)<--8827-->179(3691)
104(2551)<--3712-->169(2776)
105(3368)<--1033-->185(2884)
105(3368)<--3388-->113(1899)
105(3368)<--7899-->116(3513)
105(3368)<--4661-->164(1693)
105(3368)<--7722-->183(2145)
105(3368)<--2518-->190(2596)
105(3368)<--341-->180(3027)
105(3368)<--9930-->119(1090)
105(3368)<--9333-->120(2328)
106(2303)<--9598-->115(2399)
106(2303)<--674-->141(1889)
106(2303)<--4854-->112(1759)
106(2303)<--5332-->181(2345)
106(2303)<--3305-->190(2596)
106(2303)<--6460-->111(2535)
107(2540)<--2032-->114(508)
107(2540)<--4581-->123(2805)
107(2540)<--2610-->187(1151)
107(2540)<--9864-->116(3513)
107(2540)<--8313-->182(3807)
107(2540)<--668-->169(2776)
107(2540)<--7862-->146(2682)
107(2540)<--7448-->112(1759)
107(2540)<--6806-->176(2279)
108(1169)<--9976-->200(2060)
108(1169)<--8699-->185(2884)
108(1169)<--7039-->156(3013)
108(1169)<--5669-->174(3558)
108(1169)<--521-->145(648)
108(1169)<--972-->143(2141)
108(1169)<--4342-->113(1899)
108(1169)<--525-->126(1694)
109(3140)<--2743-->152(1832)
109(3140)<--8658-->136(2417)
109(3140)<--382-->169(2776)
109(3140)<--2464-->129(676)
109(3140)<--6644-->185(2884)
110(2317)<--751-->197(3068)
110(2317)<--6099-->145(648)
110(2317)<--9403-->118(2176)
110(2317)<--1073-->126(1694)
110(2317)<--8848-->137(3599)
110(2317)<--4097-->165(2442)
111(2535)<--4083-->197(3068)
111(2535)<--5456-->144(2359)
111(2535)<--2027-->114(508)
111(2535)<--5723-->191(4123)
111(2535)<--8771-->162(2556)
111(2535)<--1940-->152(1832)
111(2535)<--9137-->130(1820)
111(2535)<--6767-->133(2029)
111(2535)<--9702-->160(2403)
112(1759)<--130-->141(1889)
112(1759)<--2524-->181(2345)
112(1759)<--9037-->183(2145)
112(1759)<--1492-->164(1693)
112(1759)<--7915-->155(2001)
112(1759)<--9083-->133(2029)
112(1759)<--7338-->173(2069)
112(1759)<--8736-->149(3109)
112(1759)<--383-->158(1376)
112(1759)<--7645-->128(1203)
112(1759)<--5663-->196(2417)
113(1899)<--5383-->132(2468)
113(1899)<--8036-->116(3513)
113(1899)<--4999-->184(2703)
113(1899)<--6332-->187(1151)
113(1899)<--697-->190(2596)
113(1899)<--1984-->136(2417)
114(508)<--8490-->180(3027)
114(508)<--3102-->189(2340)
114(508)<--6813-->192(1737)
114(508)<--6388-->141(1889)
114(508)<--3112-->115(2399)
114(508)<--9627-->152(1832)
114(508)<--168-->129(676)
114(508)<--7876-->117(2597)
114(508)<--4000-->193(3136)
114(508)<--949-->194(1073)
115(2399)<--4383-->152(1832)
115(2399)<--8236-->176(2279)
115(2399)<--9828-->146(2682)
115(2399)<--9072-->128(1203)
115(2399)<--3825-->144(2359)
115(2399)<--7465-->129(676)
115(2399)<--3001-->166(3814)
115(2399)<--1399-->117(2597)
116(3513)<--8099-->179(3691)
116(3513)<--8639-->186(3806)
116(3513)<--4512-->176(2279)
116(3513)<--5906-->192(1737)
117(2597)<--3936-->198(1724)
117(2597)<--3366-->196(2417)
117(2597)<--7762-->138(2494)
118(2176)<--2088-->123(2805)
118(2176)<--8129-->181(2345)
118(2176)<--3979-->166(3814)
118(2176)<--8279-->177(3829)
118(2176)<--6289-->128(1203)
119(1090)<--741-->154(1831)
119(1090)<--730-->130(1820)
119(1090)<--275-->170(1365)
119(1090)<--1890-->168(2038)
119(1090)<--9158-->157(2143)
119(1090)<--6261-->121(2818)
119(1090)<--5189-->163(2124)
119(1090)<--3511-->169(2776)
119(1090)<--617-->195(1707)
119(1090)<--2824-->196(2417)
120(2328)<--5926-->164(1693)
120(2328)<--6822-->155(2001)
120(2328)<--556-->185(2884)
120(2328)<--3327-->179(3691)
120(2328)<--5811-->159(1627)
120(2328)<--8906-->178(2435)
121(2818)<--6502-->197(3068)
121(2818)<--1320-->136(2417)
121(2818)<--195-->156(3013)
121(2818)<--7186-->168(2038)
121(2818)<--2976-->173(2069)
121(2818)<--8821-->175(1432)
121(2818)<--8606-->191(4123)
121(2818)<--1977-->162(2556)
121(2818)<--3867-->132(2468)
121(2818)<--7147-->165(2442)
121(2818)<--8115-->148(2873)
122(1306)<--8205-->174(3558)
122(1306)<--1574-->168(2038)
122(1306)<--3518-->162(2556)
122(1306)<--6712-->166(3814)
122(1306)<--6345-->135(1533)
122(1306)<--1494-->192(1737)
122(1306)<--7247-->128(1203)
122(1306)<--2017-->189(2340)
122(1306)<--3230-->148(2873)
122(1306)<--7377-->179(3691)
123(2805)<--3493-->198(1724)
123(2805)<--1602-->128(1203)
123(2805)<--3251-->155(2001)
123(2805)<--2832-->184(2703)
123(2805)<--6490-->124(2057)
123(2805)<--8804-->145(648)
123(2805)<--7460-->193(3136)
124(2057)<--168-->141(1889)
124(2057)<--6580-->159(1627)
124(2057)<--1870-->158(1376)
124(2057)<--9014-->147(3464)
124(2057)<--9797-->165(2442)
124(2057)<--7388-->136(2417)
125(2618)<--9048-->174(3558)
125(2618)<--2615-->173(2069)
125(2618)<--230-->188(2505)
125(2618)<--8515-->172(1990)
125(2618)<--4519-->196(2417)
125(2618)<--9932-->138(2494)
125(2618)<--9920-->183(2145)
126(1694)<--2980-->159(1627)
126(1694)<--8920-->181(2345)
126(1694)<--7436-->179(3691)
126(1694)<--3989-->191(4123)
126(1694)<--4512-->161(4772)
126(1694)<--307-->155(2001)
126(1694)<--5002-->134(1257)
126(1694)<--7176-->180(3027)
127(3285)<--7534-->160(2403)
127(3285)<--4069-->137(3599)
127(3285)<--6372-->156(3013)
127(3285)<--2526-->139(4101)
127(3285)<--3756-->167(2630)
127(3285)<--1752-->135(1533)
127(3285)<--6643-->161(4772)
127(3285)<--8151-->146(2682)
128(1203)<--2968-->190(2596)
128(1203)<--6815-->157(2143)
128(1203)<--2789-->132(2468)
128(1203)<--6339-->184(2703)
128(1203)<--1860-->198(1724)
128(1203)<--1760-->196(2417)
129(676)<--7121-->175(1432)
129(676)<--5623-->184(2703)
129(676)<--8021-->143(2141)
129(676)<--5370-->167(2630)
129(676)<--6895-->159(1627)
130(1820)<--8488-->184(2703)
130(1820)<--615-->178(2435)
130(1820)<--4481-->174(3558)
130(1820)<--9429-->194(1073)
130(1820)<--2264-->156(3013)
130(1820)<--5926-->137(3599)
130(1820)<--3429-->190(2596)
130(1820)<--9251-->147(3464)
131(1445)<--4355-->159(1627)
131(1445)<--8625-->163(2124)
131(1445)<--6293-->134(1257)
131(1445)<--6269-->167(2630)
132(2468)<--2393-->198(1724)
132(2468)<--5667-->138(2494)
132(2468)<--6433-->182(3807)
132(2468)<--2847-->147(3464)
133(2029)<--3739-->136(2417)
133(2029)<--899-->168(2038)
133(2029)<--9958-->190(2596)
133(2029)<--4719-->139(4101)
133(2029)<--8241-->182(3807)
133(2029)<--4296-->191(4123)
133(2029)<--8437-->153(2080)
134(1257)<--6225-->197(3068)
134(1257)<--4071-->198(1724)
134(1257)<--4489-->175(1432)
134(1257)<--9556-->146(2682)
134(1257)<--119-->158(1376)
134(1257)<--276-->135(1533)
135(1533)<--6977-->174(3558)
135(1533)<--9732-->150(2183)
135(1533)<--1431-->190(2596)
135(1533)<--5664-->173(2069)
135(1533)<--6396-->144(2359)
135(1533)<--8348-->158(1376)
135(1533)<--7629-->184(2703)
135(1533)<--5726-->194(1073)
136(2417)<--3866-->161(4772)
136(2417)<--4279-->195(1707)
136(2417)<--9519-->168(2038)
136(2417)<--1529-->170(1365)
136(2417)<--9068-->197(3068)
136(2417)<--2496-->194(1073)
136(2417)<--7783-->199(815)
136(2417)<--1769-->145(648)
136(2417)<--6711-->179(3691)
136(2417)<--5711-->174(3558)
136(2417)<--6682-->184(2703)
136(2417)<--2752-->178(2435)
137(3599)<--9117-->188(2505)
137(3599)<--7872-->141(1889)
137(3599)<--5286-->157(2143)
137(3599)<--5736-->155(2001)
138(2494)<--678-->200(2060)
138(2494)<--9902-->160(2403)
138(2494)<--8555-->173(2069)
138(2494)<--892-->188(2505)
138(2494)<--7498-->169(2776)
138(2494)<--6589-->178(2435)
138(2494)<--5446-->140(546)
139(4101)<--1386-->197(3068)
139(4101)<--5456-->181(2345)
139(4101)<--8186-->176(2279)
139(4101)<--2354-->182(3807)
139(4101)<--3451-->158(1376)
139(4101)<--3988-->196(2417)
139(4101)<--2100-->155(2001)
139(4101)<--6966-->194(1073)
139(4101)<--4510-->162(2556)
140(546)<--4029-->158(1376)
140(546)<--5289-->151(4159)
140(546)<--2230-->169(2776)
140(546)<--5001-->155(2001)
140(546)<--6223-->188(2505)
140(546)<--9829-->166(3814)
141(1889)<--3188-->154(1831)
141(1889)<--2634-->150(2183)
141(1889)<--6499-->164(1693)
141(1889)<--2621-->198(1724)
141(1889)<--6820-->185(2884)
142(2616)<--2598-->150(2183)
142(2616)<--6613-->155(2001)
142(2616)<--7506-->169(2776)
142(2616)<--8070-->190(2596)
142(2616)<--5378-->145(648)
143(2141)<--8430-->186(3806)
143(2141)<--2442-->155(2001)
143(2141)<--3884-->177(3829)
143(2141)<--9940-->153(2080)
143(2141)<--5062-->176(2279)
144(2359)<--8693-->173(2069)
144(2359)<--652-->195(1707)
144(2359)<--3617-->148(2873)
144(2359)<--5222-->184(2703)
145(648)<--2753-->200(2060)
145(648)<--7252-->174(3558)
146(2682)<--5715-->188(2505)
146(2682)<--52-->167(2630)
147(3464)<--7221-->163(2124)
147(3464)<--5546-->167(2630)
147(3464)<--6379-->149(3109)
148(2873)<--3995-->160(2403)
148(2873)<--2814-->185(2884)
148(2873)<--6725-->173(2069)
148(2873)<--6374-->179(3691)
148(2873)<--6603-->155(2001)
148(2873)<--4834-->192(1737)
149(3109)<--1003-->188(2505)
149(3109)<--9897-->163(2124)
149(3109)<--9580-->187(1151)
149(3109)<--2824-->174(3558)
149(3109)<--2255-->176(2279)
149(3109)<--3755-->190(2596)
149(3109)<--3407-->180(3027)
150(2183)<--5243-->190(2596)
151(4159)<--6169-->156(3013)
151(4159)<--1846-->174(3558)
151(4159)<--9216-->168(2038)
151(4159)<--5979-->178(2435)
151(4159)<--9732-->189(2340)
151(4159)<--3624-->163(2124)
152(1832)<--6939-->161(4772)
152(1832)<--8140-->189(2340)
152(1832)<--2697-->199(815)
152(1832)<--2075-->186(3806)
152(1832)<--5444-->193(3136)
153(2080)<--8748-->164(1693)
153(2080)<--7613-->173(2069)
153(2080)<--897-->165(2442)
154(1831)<--5078-->198(1724)
154(1831)<--8062-->156(3013)
154(1831)<--1808-->187(1151)
154(1831)<--6317-->168(2038)
154(1831)<--229-->200(2060)
154(1831)<--1448-->185(2884)
154(1831)<--5971-->170(1365)
154(1831)<--5786-->199(815)
155(2001)<--6768-->194(1073)
156(3013)<--2205-->175(1432)
157(2143)<--7184-->187(1151)
157(2143)<--1881-->158(1376)
157(2143)<--1597-->175(1432)
158(1376)<--6714-->187(1151)
158(1376)<--1709-->169(2776)
158(1376)<--4912-->195(1707)
158(1376)<--969-->181(2345)
159(1627)<--4243-->160(2403)
159(1627)<--5757-->180(3027)
159(1627)<--9391-->194(1073)
159(1627)<--8330-->198(1724)
159(1627)<--3786-->193(3136)
160(2403)<--1530-->189(2340)
160(2403)<--9293-->183(2145)
160(2403)<--624-->180(3027)
160(2403)<--2542-->179(3691)
161(4772)<--9729-->196(2417)
162(2556)<--1483-->194(1073)
162(2556)<--9718-->179(3691)
162(2556)<--7749-->199(815)
162(2556)<--6114-->186(3806)
163(2124)<--5799-->173(2069)
163(2124)<--5593-->181(2345)
163(2124)<--2762-->192(1737)
164(1693)<--9774-->184(2703)
164(1693)<--328-->170(1365)
164(1693)<--9550-->172(1990)
164(1693)<--9730-->195(1707)
164(1693)<--615-->183(2145)
164(1693)<--8681-->176(2279)
165(2442)<--1291-->187(1151)
165(2442)<--4221-->166(3814)
166(3814)<--6917-->173(2069)
166(3814)<--7080-->167(2630)
166(3814)<--4399-->168(2038)
166(3814)<--5530-->169(2776)
167(2630)<--6549-->188(2505)
167(2630)<--9538-->187(1151)
167(2630)<--6183-->180(3027)
167(2630)<--8116-->193(3136)
167(2630)<--2001-->199(815)
168(2038)<--3859-->173(2069)
169(2776)<--9164-->175(1432)
169(2776)<--2274-->177(3829)
169(2776)<--9225-->187(1151)
169(2776)<--8603-->192(1737)
170(1365)<--8089-->198(1724)
170(1365)<--2774-->177(3829)
171(3929)<--6981-->188(2505)
171(3929)<--4704-->182(3807)
171(3929)<--5113-->185(2884)
172(1990)<--6888-->200(2060)
172(1990)<--3433-->174(3558)
172(1990)<--5353-->175(1432)
173(2069)<--2550-->192(1737)
173(2069)<--4234-->179(3691)
173(2069)<--4808-->193(3136)
174(3558)<--1886-->179(3691)
175(1432)<--2864-->187(1151)
175(1432)<--3779-->199(815)
175(1432)<--5909-->197(3068)
175(1432)<--9107-->184(2703)
176(2279)<--1709-->200(2060)
176(2279)<--1128-->187(1151)
176(2279)<--3352-->191(4123)
177(3829)<--1332-->190(2596)
177(3829)<--7547-->178(2435)
179(3691)<--9993-->186(3806)
179(3691)<--664-->180(3027)
180(3027)<--6312-->191(4123)
181(2345)<--7956-->187(1151)
181(2345)<--9712-->185(2884)
181(2345)<--4844-->191(4123)
184(2703)<--198-->188(2505)
185(2884)<--3140-->197(3068)
185(2884)<--700-->188(2505)
185(2884)<--1339-->196(2417)
186(3806)<--1324-->197(3068)
186(3806)<--5027-->188(2505)
186(3806)<--8255-->191(4123)
186(3806)<--8128-->189(2340)
186(3806)<--2099-->195(1707)
187(1151)<--6767-->200(2060)
188(2505)<--9114-->198(1724)
188(2505)<--88-->196(2417)
189(2340)<--9430-->198(1724)
189(2340)<--2375-->193(3136)
190(2596)<--5999-->200(2060)
194(1073)<--2915-->200(2060)
195(1707)<--5337-->197(3068)
195(1707)<--8114-->200(2060)
